11111101
00000001
00000001
00010011
00000010
10000001
00100110
00100011
00000011
00000001
00000100
00010011
11111100
10100100
00101110
00100011
11111100
10110100
00101100
00100011
11111110
00000100
00100000
00100011
11111110
00000100
00100010
00100011
11111110
00000100
00100100
00100011
11111110
00000100
00100110
00100011
11111101
11000100
00100111
10000011
00000000
10100111
11000111
10010011
11111110
11110100
00100000
00100011
11111101
11000100
00100111
10000011
00000000
01110111
11110111
10010011
11111110
11110100
00100010
00100011
11111101
10000100
00100111
10000011
00000000
00010111
10010111
10010011
11111110
11110100
00100100
00100011
11111101
10000100
00100111
10000011
01000000
00010111
11010111
10010011
11111110
11110100
00100110
00100011
11111101
11000100
00100111
00000011
11111101
10000100
00100111
10000011
01000000
11110111
00000111
10110011
00000000
00000111
10000101
00010011
00000010
11000001
00100100
00000011
00000011
00000001
00000001
00010011
00000000
00000000
10000000
01100111
11111110
00000001
00000001
00010011
00000000
00010001
00101110
00100011
00000000
10000001
00101100
00100011
00000010
00000001
00000100
00010011
00000011
00100000
00000111
10010011
11111110
11110100
00100110
00100011
00000110
00110000
00000111
10010011
11111110
11110100
00100100
00100011
11111110
00000100
00100010
00100011
11111110
10000100
00100101
10000011
11111110
11000100
00100101
00000011
11110110
01011111
11110000
11101111
11111110
10100100
00100010
00100011
00000000
00000000
00000111
10010011
00000000
00000111
10000101
00010011
00000001
11000001
00100000
10000011
00000001
10000001
00100100
00000011
00000010
00000001
00000001
00010011
00000000
00000000
10000000
01100111
