11111110
00000001
00000001
00010011
00000000
10000001
00101110
00100011
00000010
00000001
00000100
00010011
00000000
00000000
10110111
10110111
10111100
11010111
10000111
10010011
11111110
11110100
00100100
00100011
00000000
01000000
00000111
10010011
11111110
11110100
00100110
00100011
00000000
01000000
00000111
10010011
11111110
11110100
00100010
00100011
00000001
00000000
00000000
01101111
11111110
11000100
00100111
10000011
11111111
11110111
10000111
10010011
11111110
11110100
00100110
00100011
11111110
11000100
00100111
00000011
11111110
01000100
00100111
10000011
11111110
11110111
01010110
11100011
11111110
10000100
00100111
10000011
11111110
11000100
00100111
00000011
00000000
11100111
10100000
00100011
00000000
00000000
00000111
10010011
00000000
00000111
10000101
00010011
00000001
11000001
00100100
00000011
00000010
00000001
00000001
00010011
00000000
00000000
10000000
01100111
